Metrics: {
"accuracy": 0.6666666666666666,
"precision": 0.8055555555555556,
"recall": 0.6590909090909091,
"fscore": 0.7250000000000001
}