Metrics: {
"accuracy": 0.6086956521739131,
"precision": 0.6666666666666666,
"recall": 0.7142857142857143,
"fscore": 0.689655172413793
}